,January 2018,February 2018,March 2018,April 2018,May 2018,June 2018,July 2018,August 2018,September 2018,October 2018,November 2018,December 2018,January 2019,February 2019,March 2019,April 2019,May 2019,June 2019,July 2019,August 2019,September 2019,October 2019,November 2019,December 2019,January 2020,February 2020,March 2020,April 2020,May 2020,June 2020,July 2020,August 2020,September 2020,October 2020,November 2020,December 2020,January 2021,February 2021,March 2021
Audi Ireland,6794,165668,217581,474869,140757,137384,116091,5304,150146,302968,399005,282236,343184,323385,107719,358381,223387,105051,12516,0,135132,265436,545091,268191,320839,51960,80806,426,65752,212198,181456,92605,609671,691925,176233,301791,156914,0,33189
Bmw Group Ireland,98267,20240,5881,0,72930,119657,53811,45276,1393,110319,234142,98621,64006,56351,254200,44782,6986,197113,39486,420,3599,42828,237809,16078,96317,115843,106809,0,0,95438,100845,638,20926,6139,68126,101168,74460,5000,18770
Citroen,32690,42520,29355,9784,80621,9596,3177,4358,8210,1619,10848,0,3535,3193,35800,790,16475,13212,0,0,0,22356,28584,23583,23539,15170,0,0,0,11835,17716,6118,10229,0,16140,4928,10358,0,0
Dacia Ireland,0,16593,8746,0,12182,21549,239,5000,5000,6232,11416,4380,18844,0,0,0,16737,19502,4652,3609,0,0,29668,32950,31027,27691,20322,0,0,55383,18035,0,16675,6895,23647,17288,20140,0,0
Fiat,78733,188237,120669,6750,1800,61496,129417,17463,18297,2520,186190,25913,1890,0,0,0,0,7316,180825,15526,3233,0,0,0,0,0,0,0,0,0,6664,22040,8757,0,0,0,0,0,0
Henry Ford & Son Ltd,475932,235230,317404,187297,221293,318686,76043,0,221858,536474,555179,143905,338322,226811,377073,145311,343428,588307,133403,15142,199815,517333,556907,107356,397379,334951,180673,0,0,92601,560764,268476,239495,30198,295760,286663,130561,215529,149480
Hyundai Ireland,577147,582486,355984,0,253245,583545,88835,0,0,0,923756,324535,474319,449532,285366,0,81870,468298,0,0,0,0,740652,440876,479796,445695,285617,0,0,230635,48272,0,0,0,399108,725129,351846,174376,192926
Kia Motors Ireland,343614,321526,1534,48077,254246,206508,216,1121,10297,247778,267875,32521,186049,202474,37958,3089,84900,168514,0,11470,61577,305664,175494,1866,236591,162360,0,0,0,14774,6670,0,0,73776,64019,51990,44648,23688,88044
Mazda,53216,83153,11531,1741,14683,140017,62836,1534,1534,172835,181552,10851,53020,101292,1534,1534,208138,68127,0,1534,1534,31148,245615,50256,23552,45368,3334,0,1275,1551,385,1619,1416,1443,32124,91288,61244,2109,1739
Mercedes Benz,163836,87871,26537,58638,7963,84801,52644,8890,91830,44479,97047,31791,65524,101429,45289,4531,3278,77514,53411,1790,3126,77924,140129,45201,111044,99957,12857,6275,2205,7048,39879,1121,1416,80136,40116,68863,88810,13395,79529
Mitsubishi Motors,239516,14565,6667,23051,3540,158741,9288,0,2187,11356,63865,42510,79292,43921,1532,18570,6070,26777,0,0,5346,0,40713,32179,85806,120200,36336,0,0,31926,6500,5000,0,0,546,13650,9100,0,0
Nissan Ireland Ltd,219030,370406,130742,278795,325590,588192,177946,7800,2160,167213,340911,94472,260519,109731,105973,0,316468,205515,107465,3024,20043,147362,657720,150928,350404,250457,0,0,73775,47038,0,0,0,4887,120394,58830,146657,152923,42429
Opel Ireland,320374,234729,263849,96679,266537,264843,160377,62295,2511,269678,337191,187613,291346,239196,234340,84712,137697,351738,295309,77289,667,287886,361339,7171,41282,292727,102686,0,467,31246,7688,0,0,40454,33562,11481,1416,51432,196932
Peugeot,349662,158008,9177,97217,195821,221084,91008,0,10336,33984,528011,104896,94736,324798,101643,974,77445,410584,41204,0,3179,113328,389295,41381,179877,92032,76848,0,0,168379,58584,430,0,16135,339316,61327,263206,132142,55863
Renault,238518,222949,256468,144238,418135,662503,120999,24966,153853,45449,719747,315488,417176,116450,156416,9345,274381,415629,208265,59270,81376,118533,909732,445042,409392,315563,191902,27500,65728,461550,197515,0,99835,31642,428724,329516,325711,5,27460
SEAT Ireland,108747,154513,85932,60053,65956,250515,70514,20080,792,165055,226899,59506,107403,204319,414201,53512,151978,273993,3798,6568,13876,251279,99138,15597,243910,184895,38085,13472,30532,349672,46130,27686,21692,169083,124696,12586,148421,19230,119792
Skoda Ireland,307261,238833,165670,47161,66061,247641,27493,2500,47911,286651,360346,156225,225500,161562,180794,181,137153,302673,83756,22896,74915,550611,313197,138891,303719,205132,128173,0,0,132792,76526,81520,13653,323209,278651,270477,395187,132250,49521
Suzuki Ireland,0,0,0,0,0,0,0,0,0,0,0,1559,0,0,0,0,27826,25838,0,0,0,0,4500,5167,0,0,0,0,0,16828,41874,0,0,0,0,0,0,0,0
Toyota Irelan.csvd,683856,573897,270534,158232,136638,646877,174378,8428,63775,282104,886794,294878,597984,475648,273593,149347,108908,848831,163944,2618,64039,236105,901662,309121,699121,470794,130263,12742,18307,395364,94715,4300,7775,105710,686772,255450,236764,83180,276425
Volkswagen Ireland,579719,499381,333222,88226,438229,685269,314247,112906,103066,318722,493335,194533,528179,369683,251082,72185,597054,775594,194222,77205,331221,542624,517698,181354,269969,264575,234159,66352,93014,319657,350490,105342,212772,226652,276702,277433,287013,118912,254049
Volvo Car Ire,80109,85121,88558,16094,65644,189733,273,0,304,236431,113237,57564,31548,34895,22198,15867,78315,143664,5401,0,41287,179960,175899,79070,101264,27947,24396,0,4,19451,9431,0,0,86572,114724,4490,129184,80960,6395
